44793
81557
33106
24331
35611
55895
11073
78716
32432
7672
46672
4886
55251
97422
99987
92349
45423
58273
61497
46982
83479
12304
248
60922
20303
42997
31208
33476
42829
12326
57286
55416
33397
72115
6923
74963
85688
7980
4993
99140
72885
92063
77258
50299
98097
64573
40912
76933
22645
39788
74226
99656
68924
6427
4079
21749
74184
57293
21151
21265
88615
71905
57335
31818
64747
36369
57512
72523
10679
32424
7865
82627
46683
26692
10425
29952
89441
9322
90768
41701
46405
43980
73166
98430
99682
69243
6915
86530
34526
70740
22935
46309
26484
7647
62529
89374
30679
38560
37780
52654
67079
59262
69055
26838
68004
52587
94227
79179
97231
80831
22010
16788
59302
13048
14969
55033
82375
4083
50895
34880
52083
50800
2409
29014
62745
58745
93876
19668
14758
88394
8192
95615
76936
67496
12403
85774
18263
57269
87436
225
24496
75650
92893
66597
91486
53027
81249
74669
85066
35078
81396
66409
32419
20134
83476
75509
22044
18078
57955
82554
12134
78395
90032
6637
56522
42679
1327
26050
66031
77631
93793
74396
25493
68244
89742
67085
57343
11357
21224
39315
57448
13545
15638
19179
52871
20653
16437
40666
26642
32495
3951
24289
51460
61638
43355
51881
22509
79149
49060
69962
21849
15874
51331
89803
9224
5156
80528
88830
48377
22322
28728
71674
61150
86276
73643
56383
75520
46412
23959
16368
823
22533
60695
16247
50763
40246
58053
35962
74315
38486
49477
29386
70443
33945
80741
21843
75282
97318
40125
48709
82622
26852
59870
16968
16635
60473
36846
89374
3397
31301
71944
79547
42928
12414
93380
64148
70254
48170
79885
19700
38568
47479
9392
85483
91728
76416
88789
29248
37068
11856
25389
5889
55353
96067
61914
46367
29490
4972
28068
79153
73675
31192
7785
21833
71285
84588
86397
53241
32494
39602
90593
74316
5117
88191
86083
20707
10447
56495
76895
87537
97822
36417
19254
82769
66834
18922
50573
88515
17941
9590
62784
10074
7024
55756
97889
82611
14609
18957
99722
58862
36835
33148
76872
65616
30288
81430
684
81255
73110
55091
68898
43138
98670
53240
63179
20004
35995
88467
90749
82686
76098
3917
29347
1020
70779
94740
53094
14926
30192
18097
97544
82716
89987
74547
58563
56573
11188
82792
61911
76453
20184
18894
49103
25397
19479
85767
53489
20602
1380
77847
69339
24167
92332
85458
84147
93924
47039
83675
37977
13809
46078
40335
4339
59656
15496
31990
31295
22083
73362
67000
96398
18826
29220
30514
19523
43423
36345
44729
77292
74218
72178
63671
61229
51774
88008
2101
29619
255
50460
84517
24410
3061
56632
59810
58782
15795
94699
58756
52994
48711
57780
55561
48397
75482
94215
39113
98131
71533
93387
72393
55934
39793
12628
90341
38594
48095
77942
18311
4525
19706
40710
85244
26553
63977
83079
54862
5375
51002
22479
88451
34601
72224
82650
81467
32165
96061
50303
81128
74838
9299
44076
50432
58786
18618
66251
61282
52890
51106
5
86894
95609
6631
69266
24631
77419
37894
10604
87556
48036
88117
43247
59041
90009
13032
94311
17725
2515
72469
34665
12716
59706
19950
68336
36685
9180
11368
87853
60870
14042
99016
51054
22512
51282
93294
25987
51335
30537
86037
21148
96175
82390
97774
6847
8002
465
31369
46858
73661
8780
88097
8157
52784
78641
53610
48940
50175
96543
4087
40969
18631
8927
76252
48384
57603
83273
6984
30276
62070
28794
77089
38625
35180
49043
7962
66174
6524
86960
44537
22063
14065
82306
60298
18273
66016
45964
54035
92950
85014
34587
89366
3066
4140
96562
87525
77010
89824
78097
23441
47637
25312
88126
62809
23744
2535
11656
25066
92251
54575
73933
63883
88279
56371
56134
3092
2325
38459
89566
45041
68790
72570
20550
6232
341
48829
1605
43305
6109
40169
73343
52676
63724
58475
27914
96725
81229
78644
20149
85758
7863
76503
99474
4079
33045
95780
64312
11397
26842
26500
73445
79948
26895
93008
12231
4976
1503
24103
61389
83610
83513
99941
18154
94313
86255
95751
87921
99897
47402
19239
88460
28151
43766
21138
27103
91650
85897
23808
52914
96232
87683
24016
47210
11710
66726
9484
29237
46071
25773
15617
84202
82467
53262
47425
67792
97226
42928
99172
84378
95373
90151
93291
13782
60387
57117
36817
39900
91919
25132
38899
91171
51704
56609
33665
87843
422
2741
41460
2741
88171
68896
69250
32812
16311
5085
12425
28996
45069
12335
70570
55063
10207
43161
26095
69363
53629
8328
43136
345
83955
8176
81207
58453
72934
52704
89740
9414
31290
45979
11909
59713
71653
4844
53727
3860
23286
54527
71976
77945
51212
96983
27267
76919
74441
88389
72014
28557
81256
89889
95639
87404
59065
72993
49208
51855
90431
80755
51763
18940
95584
89729
67041
30049
40033
69658
48815
81282
65026
62811
78563
34144
59094
52469
27425
98295
84998
88166
66783
77797
2942
34127
77983
40292
8284
22127
35338
90123
50274
99604
8665
65823
71801
31319
41632
8655
51796
15875
91168
36824
51047
12934
99010
68380
87829
25357
94988
53965
79439
45068
50447
71062
46177
37053
81913
43622
7778
31657
48598
86958
31219
42083
53696
42552
64699
92834
25163
40430
86451
64456
35499
19948
55378
56246
96122
16
1261
6225
14783
43540
25855
80648
44257
73266
55825
2138
24961
19242
72764
19647
56182
87254
12755
85415
5794
48232
39412
47246
19665
34601
89771
37541
47773
38488
34327
79407
31255
18094
34986
22161
70839
74624
22642
88069
87942
29783
71863
79688
61076
85064
45209
24138
22313
1000
44212
37346
60694
29011
39055
74204
8620
32683
13252
83588
49605
54312
3082
46948
89133
89123
64853
34172
80506
2777
63166
3590
71932
14636
773
80035
72631
93
29533
84268
30248
56455
690
29081
3860
81329
71791
36592
45840
671
43997
37232
74174
95337
3207
64203
59467
91345
38551
43308
7642
61812
82036
26331
9463
25315
74122
79667
37319
81567
56980
97559
52721
25394
34904
67609
73656
16687
81389
20161
52756
64610
62218
22747
88716
46703
93107
46590
94706
45908
25521
52934
20359
80678
25288
62024
57512
81886
31547
39691
50814
3181
49239
44443
69686
72726
64631
25574
50482
25109
17983
75894
74191
65280
35263
12737
8043
68535
60127
78525
45079
41141
7005
98719
27857
6039
91917
4792
59611
16360
75548
12127
67980
91027
8249
94088
29381
78196
53405
