86147
87507
92247
68392
17419
49610
40602
27613
33910
86746
45318
94004
52695
44748
17914
99995
26886
63948
66704
26174
14437
19163
73737
49782
93822
91391
56229
55507
28479
17083
37757
55038
46517
97926
19408
13175
41564
34515
60561
38400
45922
61239
75026
12892
86374
67862
44152
42453
74437
68447
10341
41498
88983
30574
48932
76970
69521
24878
24432
69116
77333
10199
54487
15153
81127
5127
28753
7796
44642
12056
89563
50817
60025
4147
61890
61569
71121
36806
91485
595
29682
24824
10214
91124
94815
59486
58721
64043
51566
74322
7536
39653
58838
79274
26682
89764
18729
90126
68892
7553
855
40244
24520
70135
26013
37441
72904
75919
84370
79283
63872
70131
30896
81635
85272
26804
89374
94105
26358
41311
63315
60638
53385
50351
28695
21648
67580
56725
23583
24167
93890
7052
92308
51754
82353
3590
74672
5246
51745
70005
44795
86144
46077
10929
41657
93573
45824
98113
62506
41647
70042
28181
72158
45974
81477
39338
86483
92302
56801
25618
48977
30055
14996
98584
30920
96264
9225
43364
81773
84078
62300
13806
91682
67162
91150
16166
8478
6465
3678
79951
70688
16954
19181
58556
11222
14198
34712
63657
98006
70528
48811
86993
21737
22503
86836
59447
81629
4571
972
53393
3671
8904
27769
45961
21782
1263
57273
16998
10342
69264
98154
97480
61756
18932
66915
27308
74779
87106
36392
87306
41145
17823
7028
14376
25676
10766
21642
64219
78012
19270
77105
66209
37267
36807
23209
45825
2800
51804
92639
72597
3968
53888
36655
39591
9291
39574
44694
66737
57770
57006
48677
28006
89263
71985
36634
61335
690
46860
89160
46477
82841
26727
32620
34837
56719
36715
48281
86645
69984
9702
59456
80328
66098
55934
25470
95431
68233
86415
74101
74844
45858
93540
31156
2361
69363
45350
73766
52301
71525
5344
52379
29110
92270
50475
48475
48634
84755
96255
84179
48041
63492
83573
90610
81558
75163
74959
56134
64094
4307
60745
28021
94075
88112
66889
75263
70748
16806
41190
22187
22350
81934
93319
50425
39940
43991
56162
97930
29786
4865
70027
89777
73746
84712
87002
827
97831
66814
55155
35922
66863
85646
10717
2254
36758
40743
91328
79801
34484
35513
64009
82191
60967
17532
32977
37760
11307
79259
92306
98635
73259
74702
55255
38315
9154
52384
62557
15124
16578
87847
79962
89251
83856
22623
65826
14501
14906
88316
13434
71562
58325
59861
86530
47486
40649
95508
53860
93707
39339
44754
9195
29845
3266
18891
83245
21569
99483
93037
13187
92737
63550
13755
27085
59583
72738
69873
59207
13806
93553
36034
2609
67055
55510
70835
72047
22585
8500
7186
37190
59995
16955
97069
11136
80017
32209
28159
48463
50932
31891
72216
70373
22244
88918
80026
23555
59268
70842
71402
97885
73710
81872
10229
24788
20324
82757
44595
48348
95266
78028
27436
90405
17896
57278
77782
84194
80019
51503
83983
53418
15717
63823
93428
69651
7028
70838
97582
20209
42862
30590
88385
20858
49767
68296
73564
28712
60637
77306
1419
6271
78319
68579
97419
89119
78013
54922
70666
920
51359
40244
58833
21908
17882
95306
78854
62893
83412
86568
56337
76456
66893
33201
59789
64135
15638
29293
79207
35859
16263
39790
15345
75434
85851
65451
58830
23683
55773
83805
55086
10807
55390
90389
11171
56346
74231
17237
7542
32834
72799
36921
92393
69590
67979
10080
50827
39236
78917
20673
60173
42959
74234
54016
49789
93873
40371
53263
40965
2927
23694
17457
26177
38489
47291
44663
22666
30049
5275
3608
35357
49485
71585
48515
99730
88774
78636
47625
18858
28885
6288
78403
21794
2545
15941
52581
58992
6079
73443
93167
60772
18848
44245
34623
11200
1065
36152
45842
89177
13359
91569
5351
87793
28793
16068
72996
54295
9918
84577
20200
61992
80791
66914
7085
79614
26330
27244
73293
30814
29315
77614
39910
24503
1887
5104
98603
57807
9998
49822
50009
38574
83500
91102
36881
83304
28054
13415
25551
23560
83512
86313
1401
36377
98148
31286
67674
10640
92246
71508
17774
64617
97127
16045
71993
16714
67886
24740
57742
97992
40924
752
89702
43310
34866
34400
5249
1216
64070
29585
10128
47508
75077
81750
77881
94714
79430
67800
37519
39773
28192
75674
11113
90494
68458
14149
71937
93341
76121
60411
22306
30056
8528
46348
1030
39354
42300
16542
26864
34056
21965
97210
32731
20453
67334
32589
61959
8825
34428
94790
5492
49855
45545
84379
86866
59448
47349
19194
40136
49425
22680
60870
18884
19901
99066
86178
67288
39869
29939
41286
71458
94713
43076
54810
47528
95512
14994
77343
17026
59546
98348
50801
98446
16641
23790
83466
44823
54427
78503
16290
2452
47244
6366
82952
62150
66455
13102
17839
59941
55234
62302
10871
29491
8011
67651
82808
26880
82337
97127
12794
71490
38961
99000
94674
68399
62257
34641
24942
28991
41570
68803
32827
7770
54972
99231
91401
11931
65932
70992
39906
16597
97591
92178
55013
40180
36607
51510
94050
51498
64830
11908
32299
30164
66071
96425
39267
31517
64336
53152
36694
16874
98662
69319
53196
78297
33038
74263
43071
88626
24840
33724
34045
31706
32709
20513
79971
99338
68176
78481
72340
32095
81379
27957
42789
84421
19913
39754
99605
96106
32403
67342
69523
90455
63309
93512
88562
95930
43709
68417
85102
20041
17948
40385
58355
43291
49759
66981
5578
32959
24200
5822
39867
10171
84102
39529
92515
30046
45142
42621
90033
24388
1406
15779
72570
23585
96841
85693
26178
390
62271
13081
75994
90209
28399
32709
35223
93858
45034
3799
73559
4489
6875
5416
62410
74942
42570
32194
33834
99223
5797
55303
51180
37156
41278
82704
57295
99839
90894
46160
13260
23409
96070
38384
71887
19643
14742
60398
70911
46359
92823
74596
43837
3231
62519
89188
39777
381
39449
62611
66002
33622
21776
60547
79802
47101
93888
51855
89854
77538
87258
91223
51142
70571
46130
96180
25493
73176
88389
42776
49167
64095
89243
97030
36490
12542
47238
58569
62308
42036
82349
84660
2766
43336
27880
45629
8939
81129
56760
17822
298
80099
76260
49426
18870
18694
40763
72248
24619
99238
28251
67578
36068
76400
90827
29959
92435
97673
39813
74031
88468
5209
66601
23057
76315
71066
15565
44198
31937
74987
63439
9995
91896
48916
93051
33621
86576
30124
11771
40299
84323
71112
72378
10203
15251
98033
