5
16
93
225
248
255
298
341
345
381
390
422
465
595
671
684
690
690
752
773
823
827
855
920
972
1000
1020
1030
1065
1216
1261
1263
1327
1380
1401
1406
1419
1503
1605
1887
2101
2138
2254
2325
2361
2409
2452
2515
2535
2545
2609
2741
2741
2766
2777
2800
2927
2942
3061
3066
3082
3092
3181
3207
3231
3266
3397
3590
3590
3608
3671
3678
3799
3860
3860
3917
3951
3968
4079
4079
4083
4087
4140
4147
4307
4339
4489
4525
4571
4792
4844
4865
4886
4972
4976
4993
5085
5104
5117
5127
5156
5209
5246
5249
5275
5344
5351
5375
5416
5492
5578
5794
5797
5822
5889
6039
6079
6109
6225
6232
6271
6288
6366
6427
6465
6524
6631
6637
6847
6875
6915
6923
6984
7005
7024
7028
7028
7052
7085
7186
7536
7542
7553
7642
7647
7672
7770
7778
7785
7796
7863
7865
7962
7980
8002
8011
8043
8157
8176
8192
8249
8284
8328
8478
8500
8528
8620
8655
8665
8780
8825
8904
8927
8939
9154
9180
9195
9224
9225
9291
9299
9322
9392
9414
9463
9484
9590
9702
9918
9995
9998
10074
10080
10128
10171
10199
10203
10207
10214
10229
10341
10342
10425
10447
10604
10640
10679
10717
10766
10807
10871
10929
11073
11113
11136
11171
11188
11200
11222
11307
11357
11368
11397
11656
11710
11771
11856
11908
11909
11931
12056
12127
12134
12231
12304
12326
12335
12403
12414
12425
12542
12628
12716
12737
12755
12794
12892
12934
13032
13048
13081
13102
13175
13187
13252
13260
13359
13415
13434
13545
13755
13782
13806
13806
13809
14042
14065
14149
14198
14376
14437
14501
14609
14636
14742
14758
14783
14906
14926
14969
14994
14996
15124
15153
15251
15345
15496
15565
15617
15638
15638
15717
15779
15795
15874
15875
15941
16045
16068
16166
16247
16263
16290
16311
16360
16368
16437
16542
16578
16597
16635
16641
16687
16714
16788
16806
16874
16954
16955
16968
16998
17026
17083
17237
17419
17457
17532
17725
17774
17822
17823
17839
17882
17896
17914
17941
17948
17983
18078
18094
18097
18154
18263
18273
18311
18618
18631
18694
18729
18826
18848
18858
18870
18884
18891
18894
18922
18932
18940
18957
19163
19179
19181
19194
19239
19242
19254
19270
19408
19479
19523
19643
19647
19665
19668
19700
19706
19901
19913
19948
19950
20004
20041
20134
20149
20161
20184
20200
20209
20303
20324
20359
20453
20513
20550
20602
20653
20673
20707
20858
21138
21148
21151
21224
21265
21569
21642
21648
21737
21749
21776
21782
21794
21833
21843
21849
21908
21965
22010
22044
22063
22083
22127
22161
22187
22244
22306
22313
22322
22350
22479
22503
22509
22512
22533
22585
22623
22642
22645
22666
22680
22747
22935
23057
23209
23286
23409
23441
23555
23560
23583
23585
23683
23694
23744
23790
23808
23959
24016
24103
24138
24167
24167
24200
24289
24331
24388
24410
24432
24496
24503
24520
24619
24631
24740
24788
24824
24840
24878
24942
24961
25066
25109
25132
25163
25288
25312
25315
25357
25389
25394
25397
25470
25493
25493
25521
25551
25574
25618
25676
25773
25855
25987
26013
26050
26095
26174
26177
26178
26330
26331
26358
26484
26500
26553
26642
26682
26692
26727
26804
26838
26842
26852
26864
26880
26886
26895
27085
27103
27244
27267
27308
27425
27436
27613
27769
27857
27880
27914
27957
28006
28021
28054
28068
28151
28159
28181
28192
28251
28399
28479
28557
28695
28712
28728
28753
28793
28794
28885
28991
28996
29011
29014
29081
29110
29220
29237
29248
29293
29315
29347
29381
29386
29490
29491
29533
29585
29619
29682
29783
29786
29845
29939
29952
29959
30046
30049
30049
30055
30056
30124
30164
30192
30248
30276
30288
30514
30537
30574
30590
30679
30814
30896
30920
31156
31192
31208
31219
31255
31286
31290
31295
31301
31319
31369
31517
31547
31657
31706
31818
31891
31937
31990
32095
32165
32194
32209
32299
32403
32419
32424
32432
32494
32495
32589
32620
32683
32709
32709
32731
32812
32827
32834
32959
32977
33038
33045
33106
33148
33201
33397
33476
33621
33622
33665
33724
33834
33910
33945
34045
34056
34127
34144
34172
34327
34400
34428
34484
34515
34526
34587
34601
34601
34623
34641
34665
34712
34837
34866
34880
34904
34986
35078
35180
35223
35263
35338
35357
35499
35513
35611
35859
35922
35962
35995
36034
36068
36152
36345
36369
36377
36392
36417
36490
36592
36607
36634
36655
36685
36694
36715
36758
36806
36807
36817
36824
36835
36846
36881
36921
37053
37068
37156
37190
37232
37267
37319
37346
37441
37519
37541
37757
37760
37780
37894
37977
38315
38384
38400
38459
38486
38488
38489
38551
38560
38568
38574
38594
38625
38899
38961
39055
39113
39236
39267
39315
39338
39339
39354
39412
39449
39529
39574
39591
39602
39653
39691
39754
39773
39777
39788
39790
39793
39813
39867
39869
39900
39906
39910
39940
40033
40125
40136
40169
40180
40244
40244
40246
40292
40299
40335
40371
40385
40430
40602
40649
40666
40710
40743
40763
40912
40924
40965
40969
41141
41145
41190
41278
41286
41311
41460
41498
41564
41570
41632
41647
41657
41701
42036
42083
42300
42453
42552
42570
42621
42679
42776
42789
42829
42862
42928
42928
42959
42997
43071
43076
43136
43138
43161
43247
43291
43305
43308
43310
43336
43355
43364
43423
43540
43622
43709
43766
43837
43980
43991
43997
44076
44152
44198
44212
44245
44257
44443
44537
44595
44642
44663
44694
44729
44748
44754
44793
44795
44823
45034
45041
45068
45069
45079
45142
45209
45318
45350
45423
45545
45629
45824
45825
45840
45842
45858
45908
45922
45961
45964
45974
45979
46071
46077
46078
46130
46160
46177
46309
46348
46359
46367
46405
46412
46477
46517
46590
46672
46683
46703
46858
46860
46948
46982
47039
47101
47210
47238
47244
47246
47291
47349
47402
47425
47479
47486
47508
47528
47625
47637
47773
48036
48041
48095
48170
48232
48281
48348
48377
48384
48397
48463
48475
48515
48598
48634
48677
48709
48711
48811
48815
48829
48916
48932
48940
48977
49043
49060
49103
49167
49208
49239
49425
49426
49477
49485
49605
49610
49759
49767
49782
49789
49822
49855
50009
50175
50274
50299
50303
50351
50425
50432
50447
50460
50475
50482
50573
50763
50800
50801
50814
50817
50827
50895
50932
51002
51047
51054
51106
51142
51180
51212
51282
51331
51335
51359
51460
51498
51503
51510
51566
51704
51745
51754
51763
51774
51796
51804
51855
51855
51881
52083
52301
52379
52384
52469
52581
52587
52654
52676
52695
52704
52721
52756
52784
52871
52890
52914
52934
52994
53027
53094
53152
53196
53240
53241
53262
53263
53385
53393
53405
53418
53489
53610
53629
53696
53727
53860
53888
53965
54016
54035
54295
54312
54427
54487
54527
54575
54810
54862
54922
54972
55013
55033
55038
55063
55086
55091
55155
55234
55251
55255
55303
55353
55378
55390
55416
55507
55510
55561
55756
55773
55825
55895
55934
55934
56134
56134
56162
56182
56229
56246
56337
56346
56371
56383
56455
56495
56522
56573
56609
56632
56719
56725
56760
56801
56980
57006
57117
57269
57273
57278
57286
57293
57295
57335
57343
57448
57512
57512
57603
57742
57770
57780
57807
57955
58053
58273
58325
58355
58453
58475
58556
58563
58569
58721
58745
58756
58782
58786
58830
58833
58838
58862
58992
59041
59065
59094
59207
59262
59268
59302
59447
59448
59456
59467
59486
59546
59583
59611
59656
59706
59713
59789
59810
59861
59870
59941
59995
60025
60127
60173
60298
60387
60398
60411
60473
60547
60561
60637
60638
60694
60695
60745
60772
60870
60870
60922
60967
61076
61150
61229
61239
61282
61335
61389
61497
61569
61638
61756
61812
61890
61911
61914
61959
61992
62024
62070
62150
62218
62257
62271
62300
62302
62308
62410
62506
62519
62529
62557
62611
62745
62784
62809
62811
62893
63166
63179
63309
63315
63439
63492
63550
63657
63671
63724
63823
63872
63883
63948
63977
64009
64043
64070
64094
64095
64135
64148
64203
64219
64312
64336
64456
64573
64610
64617
64631
64699
64747
64830
64853
65026
65280
65451
65616
65823
65826
65932
66002
66016
66031
66071
66098
66174
66209
66251
66409
66455
66597
66601
66704
66726
66737
66783
66814
66834
66863
66889
66893
66914
66915
66981
67000
67041
67055
67079
67085
67162
67288
67334
67342
67496
67578
67580
67609
67651
67674
67792
67800
67862
67886
67979
67980
68004
68176
68233
68244
68296
68336
68380
68392
68399
68417
68447
68458
68535
68579
68790
68803
68892
68896
68898
68924
69055
69116
69243
69250
69264
69266
69319
69339
69363
69363
69521
69523
69590
69651
69658
69686
69873
69962
69984
70005
70027
70042
70131
70135
70254
70373
70443
70528
70570
70571
70666
70688
70740
70748
70779
70835
70838
70839
70842
70911
70992
71062
71066
71112
71121
71285
71402
71458
71490
71508
71525
71533
71562
71585
71653
71674
71791
71801
71863
71887
71905
71932
71937
71944
71976
71985
71993
72014
72047
72115
72158
72178
72216
72224
72248
72340
72378
72393
72469
72523
72570
72570
72597
72631
72726
72738
72764
72799
72885
72904
72934
72993
72996
73110
73166
73176
73259
73266
73293
73343
73362
73443
73445
73559
73564
73643
73656
73661
73675
73710
73737
73746
73766
73933
74031
74101
74122
74174
74184
74191
74204
74218
74226
74231
74234
74263
74315
74316
74322
74396
74437
74441
74547
74596
74624
74669
74672
74702
74779
74838
74844
74942
74959
74963
74987
75026
75077
75163
75263
75282
75434
75482
75509
75520
75548
75650
75674
75894
75919
75994
76098
76121
76252
76260
76315
76400
76416
76453
76456
76503
76872
76895
76919
76933
76936
76970
77010
77089
77105
77258
77292
77306
77333
77343
77419
77538
77614
77631
77782
77797
77847
77881
77942
77945
77983
78012
78013
78028
78097
78196
78297
78319
78395
78403
78481
78503
78525
78563
78636
78641
78644
78716
78854
78917
79149
79153
79179
79207
79259
79274
79283
79407
79430
79439
79547
79614
79667
79688
79801
79802
79885
79948
79951
79962
79971
80017
80019
80026
80035
80099
80328
80506
80528
80648
80678
80741
80755
80791
80831
81127
81128
81129
81207
81229
81249
81255
81256
81282
81329
81379
81389
81396
81430
81467
81477
81557
81558
81567
81629
81635
81750
81773
81872
81886
81913
81934
82036
82191
82306
82337
82349
82353
82375
82390
82467
82554
82611
82622
82627
82650
82686
82704
82716
82757
82769
82792
82808
82841
82952
83079
83245
83273
83304
83412
83466
83476
83479
83500
83512
83513
83573
83588
83610
83675
83805
83856
83955
83983
84078
84102
84147
84179
84194
84202
84268
84323
84370
84378
84379
84421
84517
84577
84588
84660
84712
84755
84998
85014
85064
85066
85102
85244
85272
85415
85458
85483
85646
85688
85693
85758
85767
85774
85851
85897
86037
86083
86144
86147
86178
86255
86276
86313
86374
86397
86415
86451
86483
86530
86530
86568
86576
86645
86746
86836
86866
86894
86958
86960
86993
87002
87106
87254
87258
87306
87404
87436
87507
87525
87537
87556
87683
87793
87829
87843
87847
87853
87921
87942
88008
88069
88097
88112
88117
88126
88166
88171
88191
88279
88316
88385
88389
88389
88394
88451
88460
88467
88468
88515
88562
88615
88626
88716
88774
88789
88830
88918
88983
89119
89123
89133
89160
89177
89188
89243
89251
89263
89366
89374
89374
89374
89441
89563
89566
89702
89729
89740
89742
89764
89771
89777
89803
89824
89854
89889
89987
90009
90032
90033
90123
90126
90151
90209
90341
90389
90405
90431
90455
90494
90593
90610
90749
90768
90827
90894
91027
91102
91124
91150
91168
91171
91223
91328
91345
91391
91401
91485
91486
91569
91650
91682
91728
91896
91917
91919
92063
92178
92246
92247
92251
92270
92302
92306
92308
92332
92349
92393
92435
92515
92639
92737
92823
92834
92893
92950
93008
93037
93051
93107
93167
93291
93294
93319
93341
93380
93387
93428
93512
93540
93553
93573
93707
93793
93822
93858
93873
93876
93888
93890
93924
94004
94050
94075
94088
94105
94215
94227
94311
94313
94674
94699
94706
94713
94714
94740
94790
94815
94988
95266
95306
95337
95373
95431
95508
95512
95584
95609
95615
95639
95751
95780
95930
96061
96067
96070
96106
96122
96175
96180
96232
96255
96264
96398
96425
96543
96562
96725
96841
96983
97030
97069
97127
97127
97210
97226
97231
97318
97419
97422
97480
97544
97559
97582
97591
97673
97774
97822
97831
97885
97889
97926
97930
97992
98006
98033
98097
98113
98131
98148
98154
98295
98348
98430
98446
98584
98603
98635
98662
98670
98719
99000
99010
99016
99066
99140
99172
99223
99231
99238
99338
99474
99483
99604
99605
99656
99682
99722
99730
99839
99897
99941
99987
99995
